idUsuari, idRestaurant
20,28
96,37
125,7
125,15
125,20
125,23
125,30
127,15
141,47
142,44
167,2
171,68
207,92
217,18
237,40
261,12
261,50
261,52
268,4
268,24
268,30
268,43
268,51
268,58
268,64
286,14
286,37
295,17
305,46
317,58
320,50
320,55
320,57
347,32
347,58
355,13
355,35
355,36
355,37
355,42
355,46
355,50
355,56
355,60
355,66
383,75
389,57
390,46
395,9
424,26
424,52
439,26
452,25
454,22
454,38
454,41
454,99
454,100
459,57
460,24
460,58
479,30
493,44
501,13
507,29
509,54
516,18
549,41
568,44
568,57
600,14
632,42
637,33
709,91
739,4
772,73
881,92
915,35
917,57
917,64
942,33
942,40
942,46
942,72
975,47
1021,5
1021,27
1032,61
1068,5
1068,88
1100,13
1172,51
1172,58
1212,64
1244,98
1289,29
1321,32
1338,41
1348,10
1440,55
1445,38
1445,67
1445,81
1471,74
1476,55
1479,16
1479,20
1482,16
1491,93
1494,59
1533,63
1540,33
1553,56
1553,65
1575,98
1588,2
1601,71
1611,4
1611,33
1626,22
1643,33
1646,36
1671,49
1690,13
1715,64
1719,8
1736,61
1744,40
1758,51
1762,22
1775,27
1775,28
1824,14
1828,18
1851,60
1879,24
1879,33
1889,44
1897,68
1928,13
1933,2
1933,4
1933,9
1994,16
1998,5
1998,18
2031,32
2031,50
2031,64
2041,44
2043,1
2043,30
2043,59
2043,60
2047,41
2084,24
2084,57
2086,1
2086,2
2086,3
2086,90
2117,39
2221,32
2227,13
2230,22
2230,55
2234,42
2243,15
2269,95
2279,42
2292,23
2299,75
2337,1
2367,98
2367,100
2375,5
2378,10
2378,55
2392,16
2407,57
2407,58
2429,5
2429,16
2429,19
2451,2
2470,33
2478,7
2478,52
2488,60
2514,14
2514,25
2514,56
2524,58
2525,8
2525,24
2525,66
2525,68
2547,13
2552,53
2563,58
2575,6
2575,45
2575,61
2627,57
2633,15
2633,46
2635,99
2639,3
2639,25
2639,30
2639,51
2680,33
2680,58
2726,75
2726,83
2768,71
2799,51
2845,28
2884,52
2884,75
2953,43
2953,44
2953,57
2953,64
2953,67
2953,94
2953,97
3021,64
3029,16
3029,19
3063,33
3117,19
3126,2
3126,16
3127,62
3129,3
3129,10
3129,11
3129,12
3129,59
3129,70
3134,30
3143,18
3155,58
3173,44
3178,15
3204,9
3204,90
3251,44
3251,57
3299,4
3304,58
3306,86
3308,98
3327,8
3335,2
3361,13
3416,7
3442,37
3465,2
3487,1
3487,3
3487,33
3487,37
3487,57
3487,67
3488,16
3490,51
3492,44
3510,8
3512,16
3518,24
3531,5
3553,63
3576,47
3582,58
3593,8
3593,18
3603,51
3605,6
3622,99
3672,44
3697,92
3737,67
3742,75
3763,24
3795,9
3796,21
3796,55
3796,56
3808,24
3815,3
3815,58
3830,19
3838,39
3865,16
3874,8
3874,16
3896,57
3896,58
3904,87
3929,5
3945,84
3950,99
3953,12
3965,31
3970,18
3985,24
3985,43
3985,51
3985,53
3985,64
3988,47
3998,20
3998,33
3999,7
3999,20
3999,99
4002,55
4018,24
4052,7
4071,28
4102,2
4102,6
4135,37
4135,60
4150,38
4150,48
4150,51
4176,16
4191,18
4191,48
4237,74
4249,7
4276,4
4276,44
4283,9
4283,43
4347,24
4369,1
4369,45
4428,52
4576,62
4581,43
4603,9
4607,22
4622,58
4685,12
4693,97
4707,98
4709,92
4726,30
4730,33
4737,16
4772,40
4817,17
4822,25
4822,98
4852,5
4852,16
4852,20
4852,29
4852,65
4852,79
4870,45
4873,24
4910,3
4910,16
4910,18
4910,45
4910,57
4912,58
4918,29
4918,65
4933,58
4963,7
4975,25
5009,47
5011,24
5029,11
5029,55
5029,70
5043,16
5053,16
5074,44
5074,57
5077,41
5078,5
5078,15
5078,16
5079,26
5080,7
5135,7
5150,58
5158,73
5188,43
5191,12
5191,18
5191,23
5191,34
5191,38
5191,46
5208,30
5234,16
5246,71
5264,70
5267,23
5267,95
5269,90
5324,73
5326,13
5326,15
5326,16
5359,69
5364,9
5364,57
5364,58
5364,84
5364,86
5387,43
5387,58
5399,54
5403,74
5411,91
5413,10
5428,48
5428,58
5428,60
5433,3
5439,28
5439,30
5439,45
5439,49
5453,38
5473,16
5473,43
5473,67
5489,18
5501,37
5503,7
5503,29
5503,31
5503,36
5521,24
5526,23
5549,55
5559,13
5559,27
5559,58
5563,25
5571,15
5608,70
5621,20
5639,13
5653,37
5667,13
5667,16
5693,26
5693,42
5693,57
5725,14
5725,20
5725,42
5764,7
5764,13
5764,15
5773,51
5773,75
5801,5
5801,20
5943,11
6003,20
6006,39
6024,13
6024,41
6058,37
6080,7
6086,5
6086,51
6086,98
6132,60
6164,20
6203,66
6213,17
6233,28
6300,19
6300,20
6300,56
6300,61
6302,43
6359,1
6412,38
6428,7
6436,13
6460,43
6460,64
6480,22
6480,23
6480,25
6495,4
6495,33
6514,16
6599,64
6624,62
6626,26
6626,75
6642,66
6642,86
6642,87
6642,96
6647,91
6658,29
6664,90
6668,24
6668,64
6694,56
6725,17
6738,63
6764,68
6793,13
6793,17
6799,61
6833,47
6860,17
6860,18
6910,16
6913,13
6924,24
6930,4
6969,10
6988,24
6992,10
7010,51
7038,2
7044,43
7084,77
7086,68
7101,7
7101,91
7101,99
7102,41
7175,21
7175,43
7175,52
7211,1
7240,7
7240,8
7240,16
7240,55
7273,24
7273,28
7279,11
7281,63
7281,68
7312,43
7367,16
7388,21
7426,73
7447,9
7448,37
7448,67
7454,16
7454,18
7458,51
7461,19
7461,68
7502,2
7525,36
7525,41
7525,60
7525,69
7537,2
7590,46
7605,9
7605,43
7605,47
7655,1
7669,41
7669,46
7669,67
7669,76
7669,81
7738,11
7738,12
7738,14
7738,22
7738,23
7738,25
7738,26
7738,34
7738,38
7738,40
7738,45
7738,52
7738,55
7738,61
7738,70
7748,57
7751,5
7751,13
7769,58
7799,46
7802,13
7831,2
7831,4
7831,45
7858,64
7889,7
7906,59
7906,64
7946,42
7970,9
7970,86
7984,42
7995,48
8020,16
8034,68
8035,13
8045,84
8064,23
8110,58
8164,6
8213,31
8233,2
8241,15
8254,34
8265,74
8265,75
8265,99
8278,7
8278,38
8278,40
8292,51
8299,51
8299,64
8308,9
8308,56
8326,35
8388,46
8412,52
8422,23
8436,58
8466,29
8489,58
8489,81
8495,22
8514,44
8536,41
8546,44
8556,4
8556,10
8574,57
8583,24
8583,44
8604,20
8608,66
8641,43
8641,55
8670,71
8670,87
8671,58
8671,98
8690,15
8710,56
8735,2
8749,14
8756,5
8758,97
8773,13
8822,77
8822,78
8823,98
8824,34
8829,16
8840,13
8846,7
8849,15
8849,31
8866,30
8883,20
8899,59
8899,63
8913,98
8922,7
8922,16
8922,20
8936,55
8941,49
8943,13
8943,74
8944,10
8944,16
8944,57
8967,15
8967,16
8998,33
8998,92
9001,3
9001,6
9001,10
9001,12
9001,22
9001,23
9001,25
9001,27
9001,29
9001,31
9001,38
9001,40
9001,41
9001,43
9001,49
9001,51
9001,52
9001,60
9001,63
9001,65
9001,70
9012,3
9052,15
9055,59
9055,80
9055,92
9147,27
9148,95
9185,71
9222,97
9224,25
9255,10
9284,26
9284,29
9287,96
9325,10
9332,16
9364,47
9388,17
9389,41
9389,58
9470,22
9474,13
9475,52
9506,70
9568,11
9568,20
9568,21
9568,61
9568,71
9585,37
9586,40
9589,58
9596,16
9607,24
9616,59
9621,96
9652,54
9687,1
9687,25
9689,2
9717,6
9717,14
9717,25
9717,42
9795,13
9801,1
9809,37
9822,55
9822,61
9849,48
9871,55
9904,6
9904,25
9904,55
9938,13
9940,74
9956,37
9956,55
9957,32
9958,51
9959,15
9973,16
9973,62
9990,15
9990,100
10022,50
10027,7
10027,55
10056,45
10056,48
10093,48
10101,57
10101,58
10136,85
10142,80
10158,24
10158,40
10158,63
10191,54
10203,1
10203,23
10203,41
10203,67
10205,11
10205,31
10222,18
10232,32
10232,58
10249,19
10308,6
10308,10
10342,16
10355,3
10355,41
10370,64
10376,15
10379,75
10398,11
10417,18
10421,18
10421,63
10424,75
10435,20
10435,28
10435,36
10435,42
10443,23
10443,44
10452,16
10475,16
10478,38
10480,13
10504,23
10506,11
10506,39
10519,24
10578,57
10632,10
10640,95
10644,4
10644,5
10644,7
10644,8
10644,13
10644,15
10644,16
10644,17
10644,18
10644,19
10644,20
10644,27
10644,33
10644,35
10644,38
10644,39
10644,42
10644,49
10644,50
10644,56
10644,57
10644,62
10644,65
10644,68
10644,69
10649,60
10670,10
10687,16
10708,42
10720,9
10723,20
10728,30
10729,6
10741,14
10756,13
10764,13
10768,15
10786,16
10787,2
10787,10
10793,22
10796,1
10813,41
10818,1
10818,3
10818,33
10818,51
10818,55
10843,5
10843,17
10865,21
10888,53
10900,16
10914,28
10921,58
10933,4
10933,74
10934,57
10946,18
10946,37
10946,47
10946,67
10946,77
10946,86
10946,91
10946,94
10973,16
10988,33
10992,60
11004,50
11017,18
11029,67
11032,16
11040,98
11041,34
11045,18
11046,4
11046,33
11059,33
11059,41
11059,44
11059,57
11059,58
11074,14
11105,15
11105,23
11108,67
11120,3
11120,78
11125,25
11125,48
11125,61
11125,68
11136,55
11165,7
11165,79
11180,16
11180,37
11186,67
11199,19
11202,33
11204,22
11210,2
11228,37
11228,43
11228,58
11245,9
11252,47
11324,1
11324,9
11324,24
11324,43
11345,4
11408,57
11408,63
11408,67
11472,7
11480,63
11513,16
11524,10
11528,41
11535,16
11541,67
11568,23
11568,39
11579,3
11601,7
11607,67
11647,16
11655,13
11662,58
11676,90
11700,8
11700,19
11700,20
11703,82
11761,54
11857,16
11888,92
11962,10
11962,11
11962,43
11962,52
11967,8
11985,34
12008,35
12028,60
12049,20
12050,9
12050,41
12050,68
12062,9
12073,19
12082,8
12088,24
12088,37
12088,55
12117,21
12117,47
12133,2
12133,12
12133,40
12133,43
12133,52
12134,44
12149,55
12157,58
12190,57
12209,9
12227,20
12227,59
12232,8
12304,10
12304,58
12344,54
12355,24
12355,41
12355,44
12355,57
12355,58
12355,64
12401,16
12401,48
12401,55
12401,65
12401,95
12420,100
12435,2
12442,5
12557,16
12557,18
12639,71
12640,47
12646,13
12656,2
12664,51
12716,25
12718,7
12776,13
12785,39
12801,64
12823,98
12852,45
12862,21
12877,30
12877,51
12901,99
12962,17
12963,16
12963,94
12999,69
13000,57
13006,2
13021,50
13050,56
13114,7
13158,13
13262,2
13262,11
13262,22
13262,25
13262,39
13262,46
13262,51
13262,52
13324,29
13363,100
13364,20
13364,63
13384,74
13515,33
13520,1
13588,51
13602,7
13651,97
13654,13
13654,15
13737,16
13737,94
13749,58
13755,17
13755,60
13755,64
13767,99
13774,44
13808,67
13825,38
13858,25
13865,24
13885,57
13939,8
13946,63
13958,3
13958,4
13958,23
13958,24
13958,28
13958,30
13958,41
13958,67
13973,69
13983,44
13983,67
13995,40
14015,16
14015,18
14015,61
14022,54
14041,18
14061,15
14061,16
14061,23
14084,4
14084,42
14091,16
14116,25
14121,55
14121,57
14121,58
14143,55
14189,15
14190,24
14193,7
14193,43
14193,67
14211,5
14211,9
14211,13
14211,16
14211,44
14211,64
14249,27
14250,65
14257,5
14262,86
14317,13
14345,7
14345,16
14345,39
14346,79
14361,85
14362,73
14370,57
14387,33
14410,57
14410,74
14420,16
14428,7
14428,23
14439,42
14452,20
14457,57
14482,49
14554,16
14554,20
14572,81
14581,5
14581,17
14585,16
14585,37
14585,59
14616,16
14641,2
14641,12
14641,21
14641,26
14641,41
14641,51
14646,41
14651,20
14674,33
14682,7
14682,25
14682,57
14691,13
14691,63
14694,55
14698,30
14698,43
14698,60
14698,74
14709,9
14709,18
14714,10
14739,47
14755,1
14783,44
14805,13
14805,44
14888,19
14897,47
14920,52
14920,85
14920,98
14943,19
14996,98
15022,2
15022,67
15026,44
15067,20
15128,7
15132,20
15161,15
15177,42
15181,37
15181,58
15195,39
15225,16
15232,83
15246,96
15264,13
15297,21
15297,41
15313,60
15324,71
15343,48
15350,13
15355,11
15355,21
15355,23
15355,25
15355,26
15355,27
15355,28
15355,29
15355,31
15355,32
15355,35
15355,36
15355,38
15355,40
15355,42
15355,45
15355,46
15355,48
15355,49
15355,50
15355,53
15355,54
15355,56
15355,60
15355,61
15355,62
15355,65
15355,66
15355,68
15355,69
15355,80
15358,43
15365,8
15381,22
15381,33
15409,31
15438,46
15439,57
15452,13
15460,21
15460,43
15578,9
15584,48
15602,55
15629,43
15632,30
15635,13
15673,57
15673,60
15679,73
15683,24
15694,31
15700,26
15717,19
15722,71
15732,38
15762,43
15789,3
15807,86
15860,57
15869,16
15884,25
15884,51
15913,4
15913,9
15913,20
15913,24
15913,30
15913,33
15913,37
15913,43
15913,44
15913,51
15913,56
15913,59
15913,60
15913,64
15913,65
15913,67
15913,94
15919,41
15925,65
15926,16
15926,17
15926,20
15926,28
15926,44
15937,45
15959,74
15978,30
15978,51
15995,10
15996,15
16029,1
16103,18
16103,21
16103,28
16103,42
16103,47
16103,54
16103,56
16134,8
16154,24
16156,13
16162,69
16166,47
16187,69
16210,25
16210,48
16210,66
16216,4
16216,8
16216,12
16216,21
16216,26
16216,30
16216,31
16216,42
16216,46
16216,48
16216,61
16216,65
16216,81
16216,96
16216,98
16216,100
16224,31
16224,42
16226,28
16226,42
16226,54
16226,56
16226,62
16232,16
16239,37
16349,3
16372,4
16380,48
16380,59
16382,45
16455,34
16474,1
16474,2
16474,3
16474,4
16474,9
16474,12
16474,14
16474,25
16474,26
16474,30
16474,34
16474,39
16474,40
16474,45
16474,47
16474,51
16474,55
16474,56
16474,59
16474,64
16474,67
16474,70
16480,33
16499,42
16499,46
16528,41
16541,7
16561,38
16587,5
16594,65
16599,7
16599,8
16599,16
16599,18
16604,18
16632,7
16632,13
16639,61
16662,20
16666,18
16667,70
16680,98
16706,86
16727,44
16735,94
16743,58
16790,46
16790,54
16795,30
16830,40
16830,50
16830,55
16844,60
16875,63
16899,84
16902,59
16971,43
16971,58
16972,24
17020,53
17032,83
17052,16
17062,58
17066,17
17073,48
17076,43
17076,67
17083,23
17083,58
17096,99
17116,65
17127,33
17127,41
17127,59
17127,60
17127,64
17127,67
17135,16
17149,54
17163,16
17163,24
17185,3
17185,61
17191,12
17191,57
17192,8
17215,7
17215,13
17232,44
17270,78
17277,44
17292,44
17305,8
17335,67
17353,40
17371,71
17372,16
17381,52
17405,8
17405,46
17405,48
17415,2
17437,53
17437,69
17460,5
17465,8
17498,7
17498,16
17498,47
17500,41
17514,58
17531,33
17531,44
17531,64
17584,16
17597,73
17639,28
17732,30
17732,40
17765,8
17780,63
17807,16
17873,20
17897,28
17900,75
17904,22
17915,44
17921,36
17929,30
17951,23
17961,18
17962,25
17965,42
17965,63
17993,68
18015,9
18015,12
18015,61
18033,42
18062,97
18092,9
18092,30
18092,60
18092,64
18107,82
18120,54
18129,45
18144,6
18166,22
18184,52
18184,58
18194,2
18199,93
18217,31
18219,41
18219,52
18226,31
18243,18
18295,94
18295,95
18301,14
18301,71
18306,1
18306,34
18306,47
18306,75
18306,76
18307,49
18310,75
18314,67
18328,60
18351,20
18351,21
18351,45
18351,52
18372,14
18399,7
18399,13
18399,16
18399,20
18448,41
18448,55
18451,53
18496,31
18497,58
18584,4
18584,33
18584,47
18584,63
18599,5
18599,7
18599,8
18601,61
18607,19
18613,30
18613,32
18613,52
18616,75
18628,58
18649,16
18658,3
18658,45
18662,57
18662,99
18683,33
18686,89
18713,2
18719,26
18719,56
18736,4
18767,57
18775,8
18810,59
18836,10
18847,5
18886,38
18926,5
18958,40
18958,57
18999,64
19009,22
19009,59
19014,13
19039,53
19046,2
19057,34
19057,70
19057,81
19061,48
19064,20
19068,65
19073,20
19125,99
19150,33
19150,58
19168,23
19168,40
19168,75
19168,94
19234,37
19234,59
19340,15
19375,39
19396,55
19432,96
19459,37
19519,5
19520,10
19520,16
19520,24
19520,33
19520,43
19520,51
19520,52
19520,67
19520,73
19520,85
19539,68
19582,16
19582,44
19582,47
19591,19
19591,81
19610,44
19619,13
19620,7
19622,24
19622,57
19622,67
19645,52
19645,92
19646,70
19648,16
19669,15
19669,65
19684,46
19697,32
19697,95
19716,16
19716,19
19721,36
19731,24
19736,64
19751,9
19753,35
19757,16
19797,19
19802,60
19807,55
19828,57
19875,40
19895,8
19895,47
19895,53
19905,16
19924,57
19924,58
19924,75
19933,24
19952,6
19952,7
19968,6
19968,24
19968,55
19968,77
19968,78
19968,79
19968,80
19969,81
19991,82
20028,31
20035,82
20043,43
20043,60
20043,79
20123,16
20142,58
20198,2
20199,23
20206,90
20207,10
20207,99
20213,58
20214,43
20218,7
20231,6
20231,41
20240,84
20243,15
20287,37
20292,41
20292,57
20294,13
20294,20
20299,9
20299,28
20299,43
20299,58
20300,52
20316,73
20323,58
20324,55
20326,58
20327,58
20362,8
20366,65
20372,33
20385,57
20404,48
20404,49
20423,16
20424,20
20444,26
20450,16
20489,10
20514,9
20518,50
20542,53
20544,7
20544,42
20544,84
20555,18
20575,16
20579,58
20606,58
20606,60
20606,63
20630,41
20640,50
20663,13
20726,67
20730,56
20730,58
20742,32
20756,9
20765,10
20771,43
20819,57
20822,37
20834,74
20839,16
20857,18
20869,48
20871,16
20902,89
20916,46
20917,70
20929,17
20929,20
20939,13
20941,2
20941,39
20947,52
20972,43
20972,51
20972,60
20972,67
20978,41
21004,25
21028,8
21028,13
21028,15
21083,13
21085,44
21131,67
21176,57
21176,58
21208,5
21208,13
21208,26
21208,29
21208,34
21208,56
21212,52
21217,18
21238,7
21267,37
21267,84
21274,23
21274,57
21274,58
21280,20
21304,12
21304,83
21319,8
21360,5
21366,44
21398,13
21398,57
21398,58
21421,21
21448,16
21451,19
21451,20
21451,41
21461,47
21461,60
21475,58
21475,64
21494,54
21518,15
21537,79
21537,80
21543,53
21560,37
21566,43
21573,27
21578,80
21578,89
21598,18
21602,16
21635,51
21640,7
21640,16
21640,18
21640,19
21640,20
21641,3
21664,25
21664,80
21706,2
21706,14
21710,43
21710,44
21722,99
21724,100
21738,15
21738,17
21747,1
21747,3
21747,4
21747,21
21747,22
21747,23
21747,24
21747,33
21747,37
21747,40
21747,41
21747,43
21747,44
21747,57
21747,58
21747,60
21747,63
21747,64
21747,67
21751,54
21756,13
21787,52
21787,85
21789,2
21794,13
21794,50
21802,32
21802,35
21811,38
21811,40
21811,51
21819,43
21879,16
21893,3
21893,20
21893,22
21893,70
21893,93
21899,15
21899,16
21899,47
21900,31
21907,5
21907,7
21907,8
21907,13
21907,15
21907,16
21907,17
21907,18
21907,19
21907,20
21907,37
21907,39
21907,40
21907,57
21907,80
21907,85
21927,44
21927,57
21960,68
21966,37
21974,1
21974,3
21974,4
21974,9
21974,28
21974,44
21974,58
21974,64
21974,66
21974,92
21974,100
21977,31
22007,3
22007,43
22009,54
22016,5
22018,8
22039,25
22058,65
22125,51
22129,67
22135,25
22169,7
22169,8
22169,13
22169,15
22169,17
22169,18
22169,19
22169,20
22169,27
22169,34
22169,51
22169,54
22170,12
22170,23
22170,26
22170,34
22185,2
22185,38
22185,40
22185,52
22197,24
22204,40
22213,67
22219,24
22242,66
22242,69
22250,21
22250,39
22254,50
22257,7
22261,67
22286,33
22291,16
22363,8
22413,99
22463,3
22463,10
22463,11
22463,12
22463,23
22463,24
22463,33
22463,34
22463,37
22463,41
22463,43
22463,44
22463,47
22463,59
22463,60
22463,62
22513,80
22520,8
22520,65
22520,85
22544,15
22547,37
22556,97
22559,44
22581,62
22584,60
22594,61
22597,19
22598,52
22629,67
22632,75
22636,49
22644,75
22652,3
22652,4
22652,24
22652,58
22678,13
22678,16
22684,71
22712,58
22712,67
22731,13
22734,40
22760,75
22768,4
22805,97
22827,5
22827,7
22827,13
22827,15
22827,16
22827,18
22827,19
22827,20
22827,57
22848,2
22848,16
22848,43
22848,63
22860,71
22880,16
22882,7
22919,20
22919,65
22923,6
22923,52
22923,72
22923,73
22923,74
22923,76
22929,5
22929,16
22931,5
22931,8
22931,13
22931,15
22931,16
22931,17
22931,27
22931,49
22932,58
22941,16
22969,1
22991,24
22992,1
23010,15
23048,61
23052,56
23057,37
23058,4
23058,9
23058,67
23058,99
23071,6
23072,13
23074,46
23075,30
23075,41
23114,44
23127,53
23129,26
23148,20
23211,16
23221,16
23222,51
23228,10
23228,18
23236,56
23238,32
23238,56
23239,16
23239,95
23262,35
23273,80
23277,22
23318,31
23323,16
23345,53
23362,13
23383,30
23383,36
23383,61
23387,24
23425,3
23434,55
23459,35
23459,49
23459,68
23459,69
23460,5
23460,46
23460,51
23462,20
23462,33
23462,44
23462,64
23462,92
23463,23
23463,37
23467,58
23485,59
23500,18
23500,29
23505,37
23505,44
23505,57
23505,87
23505,100
23538,49
23541,43
23541,100
23544,28
23544,63
23547,13
23549,43
23549,45
23549,46
23549,52
23549,69
23549,75
23551,16
23551,17
23551,23
23551,63
23551,82
23552,16
23557,81
23574,23
23579,15
23586,10
23588,2
23596,47
23619,54
23620,2
23620,28
23620,32
23621,30
23628,67
23631,7
23642,13
23642,16
23642,20
23645,65
23645,68
23683,65
23695,58
23702,70
23708,33
23732,15
23732,22
23733,53
23735,52
23739,16
23744,7
23744,63
23744,86
23749,26
23755,42
23755,61
23767,58
23769,15
23769,64
23772,17
23781,8
23781,13
23781,18
23784,8
23832,16
23896,31
23900,34
23933,7
23946,16
23955,75
23970,9
23970,33
23970,41
23974,52
23992,26
23992,27
23992,32
23996,16
24001,41
24005,39
24006,58
24006,60
24029,5
24036,13
24037,24
24047,24
24047,85
24054,13
24108,13
24108,34
24108,43
24108,51
24108,56
24108,65
24116,4
24126,22
24126,28
24130,2
24130,55
24183,60
24194,16
24194,39
24194,61
24195,37
24195,45
24195,64
24228,10
24245,41
24251,12
24251,54
24258,18
24258,20
24273,67
24298,3
24308,44
24317,67
24358,30
24358,69
24366,16
24419,6
24474,15
24474,66
24476,85
24477,9
24481,18
24481,29
24481,35
24481,74
24486,7
24568,16
24573,16
24601,2
24601,3
24601,6
24601,74
24601,88
24620,6
24620,10
24620,45
24620,52
24620,70
24625,2
24638,21
24641,49
24653,43
24661,4
24663,24
24669,70
24677,51
24677,69
24690,26
24694,6
24694,32
24710,8
24718,8
24752,18
24752,20
24752,44
24806,3
24806,51
24807,61
24813,13
24822,10
24825,74
24832,44
24832,52
24833,1
24833,37
24842,67
24845,49
24850,9
24850,67
24851,13
24854,64
24854,86
24854,94
24855,15
24855,16
24858,44
24870,54
24873,82
24881,13
24889,9
24889,34
24905,48
24919,98
24943,60
24946,40
24948,15
24951,85
24951,96
24977,24
24979,87
25003,16
25004,27
25021,5
25032,13
25032,19
25032,38
25035,13
25070,3
25070,70
25088,96
25094,16
25100,74
25111,4
25151,18
25153,41
25153,55
25155,8
25163,2
25174,47
25174,54
25180,33
25192,6
25192,23
25192,52
25192,65
25204,2
25211,36
25211,54
25212,22
25212,23
25213,87
25222,58
25233,7
25233,31
25269,5
25297,16
25297,30
25297,59
25297,63
25297,67
25303,15
25303,16
25303,28
25303,56
25303,58
25323,3
25351,51
25357,73
25357,77
25357,78
25357,79
25357,80
25362,49
25364,41
25382,82
25385,5
25385,83
25399,74
25414,24
25427,2
25433,16
25435,16
25435,17
25435,75
25449,20
25479,61
25484,43
25502,2
25505,23
25505,52
25511,38
25511,84
25550,59
25564,24
25574,18
25574,20
25576,30
25584,62
25584,69
25589,69
25613,13
25620,20
25626,5
25662,81
25682,12
25690,65
25728,53
25728,59
25764,58
25767,75
25767,94
25773,24
25773,69
25781,60
25793,31
25805,16
25805,75
25810,80
25812,10
25812,49
25836,20
25857,2
25889,7
25889,58
25899,21
25899,22
25899,47
25899,49
25899,62
25914,80
25920,89
25921,92
25924,3
25924,13
25924,20
25924,30
25930,41
25933,41
25938,16
25938,98
25951,7
25956,58
25985,16
25985,18
26012,31
26020,3
26020,4
26020,16
26020,60
26035,25
26036,5
26037,24
26037,33
26037,36
26049,16
26078,13
26078,52
26083,16
26087,95
26104,7
26123,43
26135,7
26136,15
26146,44
26171,40
26190,16
26203,86
26205,90
26250,56
26255,13
26258,8
26260,57
26270,20
26284,9
26295,44
26295,57
26319,51
26335,24
26356,6
26366,7
26398,55
26398,57
26399,50
26429,20
26430,9
26430,16
26430,51
26430,58
26430,60
26430,62
26430,64
26430,68
26430,71
26430,75
26430,77
26430,79
26430,80
26430,86
26430,88
26430,90
26430,94
26430,95
26430,100
26444,52
26444,61
26448,3
26451,15
26451,16
26451,43
26460,8
26463,19
26482,15
26490,10
26506,9
26506,48
26526,41
26535,71
26535,89
26539,37
26560,91
26561,58
26585,59
26588,5
26588,16
26598,54
26598,63
26602,9
26613,20
26629,65
26631,55
26641,44
26656,33
26665,1
26665,2
26665,7
26665,14
26665,21
26665,22
26665,41
26665,43
26665,44
26665,52
26665,55
26665,57
26665,60
26665,67
26665,69
26695,63
26697,41
26708,48
26712,20
26730,13
26730,15
26730,16
26787,4
26787,37
26791,51
26791,57
26826,39
26829,13
26829,15
26834,11
26834,12
26834,14
26834,23
26834,25
26834,28
26834,34
26834,39
26834,48
26834,52
26837,10
26837,95
26852,63
26897,48
26907,61
26908,16
26926,10
26960,7
26961,56
26979,74
27011,17
27018,27
27056,16
27056,77
27056,83
27059,65
27070,9
27070,37
27100,17
27118,47
27155,63
27167,64
27167,98
27177,17
27179,23
27184,57
27186,2
27186,7
27186,9
27186,28
27186,44
27186,48
27186,51
27186,68
27186,90
27197,6
27202,13
27215,48
27217,68
27217,91
27224,12
27241,52
27247,86
27247,99
27284,13
27286,46
27287,57
27303,18
27304,7
27315,13
27315,31
27315,36
27315,100
27331,13
27337,20
27347,44
27347,57
27347,58
27347,60
27365,56
27372,13
27377,1
27402,28
27402,61
27425,16
27431,66
27439,10
27498,16
27502,10
27504,13
27524,5
27524,23
27535,6
27541,4
27541,24
27541,57
27568,20
27568,50
27658,44
27666,16
27678,58
27693,86
27721,15
27759,13
27759,79
27773,7
27773,13
27773,15
27773,17
27773,31
27773,35
27773,36
27773,60
27773,97
27785,18
27790,6
27790,51
27790,52
27797,26
27797,65
27855,10
27855,40
27855,43
27855,51
27855,58
27859,54
27891,29
27891,36
27891,44
27894,10
27899,18
27908,61
27908,66
27915,18
27918,2
27922,38
27922,60
27933,8
27933,18
27933,24
27933,37
27934,20
27965,94
27984,48
27984,58
27984,99
27996,57
27996,58
28011,15
28118,4
28141,82
28173,46
28189,44
28238,39
28242,18
28243,7
28246,11
28263,34
28273,2
28283,58
28325,16
28343,15
28376,53
28429,23
28446,89
28449,55
28462,33
28468,18
28472,15
28472,74
28494,9
28494,72
28510,79
28530,47
28532,24
28532,92
28533,13
28533,24
28533,82
28538,3
28538,79
28574,4
28574,44
28578,20
28620,44
28620,57
28633,63
28656,44
28656,67
28657,58
28669,94
28672,18
28703,20
28723,2
28787,57
28809,2
28809,26
28809,53
28811,24
28811,58
28842,95
28851,16
28852,13
28852,33
28866,53
28884,13
28884,60
28897,13
28899,33
28908,46
28908,48
28908,58
28912,60
28915,13
28942,73
28942,75
28995,13
29082,2
29082,3
29082,11
29082,12
29082,41
29082,43
29082,47
29082,51
29082,58
29082,60
29082,62
29095,7
29095,20
29113,34
29113,53
29115,13
29132,5
29166,67
29250,3
29257,51
29292,41
29304,3
29304,5
29304,7
29304,15
29304,59
29321,14
29327,33
29327,47
29327,55
29330,44
29374,11
29374,74
29400,33
29407,16
29407,18
29423,55
29423,67
29429,8
29430,8
29456,20
29499,4
29546,3
29567,13
29567,47
29593,31
29599,17
29640,77
29640,99
29669,58
29674,51
29674,58
29676,9
29725,92
29725,97
29749,16
29796,36
29809,7
29809,16
29828,90
29828,92
29837,25
29837,58
29844,66
29871,79
29875,66
29876,99
29876,100
29890,43
29949,96
29988,3
29995,71
30048,12
30048,14
30048,21
30048,22
30048,23
30048,26
30048,28
30048,31
30048,34
30048,39
30048,42
30048,46
30048,47
30048,48
30048,49
30048,54
30048,56
30048,61
30048,62
30048,66
30048,68
30049,52
30050,65
30060,13
30064,15
30065,39
30073,19
30073,21
30073,24
30138,60
30203,79
30205,8
30207,57
30225,4
30225,24
30225,51
30225,58
30228,34
30234,44
30263,49
30292,86
30307,10
30312,19
30338,7
30360,20
30377,15
30377,79
30377,84
30421,1
30421,6
30421,63
30429,12
30429,29
30429,35
30429,42
30429,62
30429,70
30468,71
30503,55
30523,34
30532,82
30532,86
30540,64
30543,58
30545,28
30545,29
30559,33
30573,7
30573,18
30573,19
30573,20
30573,53
30573,69
30627,6
30627,28
30627,38
30627,47
30645,31
30645,47
30649,13
30665,56
30706,98
30714,71
30714,90
30716,30
30766,16
30770,5
30790,23
30826,23
30839,86
30860,75
30861,19
30861,41
30885,81
30886,13
30886,15
30886,94
30892,8
30892,13
30892,15
30900,31
30902,69
30912,61
30920,4
30925,35
30931,4
30936,81
30942,35
30948,51
30970,13
30970,17
30970,37
30970,55
30970,60
30970,64
30986,15
30990,4
30990,64
30995,60
31007,57
31029,55
31030,24
31044,47
31044,90
31068,4
31068,18
31068,19
31068,58
31068,75
31090,10
31090,24
31090,30
31128,18
31130,16
31153,51
31164,15
31207,20
31245,38
31269,9
31271,16
31314,2
31314,14
31314,18
31332,2
31375,1
31375,6
31375,7
31375,31
31375,33
31375,37
31375,48
31375,49
31375,51
31375,54
31375,61
31375,62
31375,63
31375,64
31375,68
31381,22
31381,30
31381,33
31381,51
31381,59
31381,67
31383,15
31391,16
31412,87
31413,10
31413,16
31413,22
31413,26
31413,39
31413,65
31414,13
31430,72
31435,26
31461,55
31461,57
31461,64
31461,67
31471,11
31481,7
31481,31
31481,54
31481,61
31481,88
31485,6
31488,16
31491,24
31491,44
31491,59
31515,16
31515,57
31515,90
31529,4
31539,4
31540,54
31555,13
31556,58
31571,62
31585,44
31592,20
31597,29
31611,47
31611,58
31611,65
31611,92
31618,47
31626,38
31672,53
31689,1
31719,19
31728,10
31742,48
31752,47
31753,67
31786,13
31790,43
31801,53
31808,16
31832,65
31860,13
31874,10
31881,43
31881,71
31931,54
31940,69
31943,44
31971,23
31988,57
32048,59
32063,3
32063,33
32063,50
32067,57
32067,60
32077,41
32080,49
32083,56
32083,59
32091,18
32099,57
32099,58
32117,16
32120,5
32121,17
32124,16
32124,43
32124,58
32124,67
32131,51
32133,3
32163,13
32165,60
32176,55
32176,67
32185,9
32190,8
32199,7
32204,44
32208,74
32209,6
32225,7
32231,19
32231,20
32238,18
32239,74
32244,13
32267,59
32267,74
32303,16
32303,37
32311,8
32311,13
32311,17
32311,33
32345,15
32345,16
32358,8
32358,13
32358,15
32358,16
32358,17
32361,25
32372,49
32392,22
32392,30
32392,41
32392,52
32392,58
32392,63
32392,64
32392,82
32392,83
32392,84
32403,13
32403,15
32403,16
32403,25
32420,2
32437,13
32437,17
32437,33
32506,24
32508,4
32508,40
32508,51
32557,20
32559,21
32559,62
32559,68
32561,17
32622,20
32622,28
32638,49
32652,19
32662,34
32739,40
32739,44
32746,20
32766,7
32766,13
32790,28
32790,29
32790,31
32790,37
32790,42
32790,62
32790,65
32790,68
32790,69
32790,70
32790,85
32790,90
32790,93
32790,99
32810,3
32810,55
32851,13
32851,57
32856,6
32877,17
32877,56
32883,43
32883,48
32883,55
32883,58
32902,28
32961,80
33033,19
33036,20
33071,14
33071,86
33072,6
33072,24
33072,41
33098,26
33101,1
33101,2
33101,24
33101,51
33101,67
33134,9
33134,54
33135,2
33135,3
33135,4
33135,13
33135,24
33135,58
33139,10
33182,12
33202,44
33202,97
33219,4
33219,33
33219,75
33228,9
33228,10
33228,43
33249,15
33278,44
33294,67
33322,43
33344,28
33344,68
33350,91
33350,95
33350,97
33361,16
33390,52
33422,1
33422,43
33422,52
33433,26
33433,45
33433,52
33433,60
33433,67
33433,98
33441,49
33447,58
33447,75
33513,64
33517,16
33518,7
33527,74
33527,84
33528,42
33559,92
33567,13
33577,21
33577,25
33577,39
33577,42
33577,54
33611,8
33644,22
33644,51
33660,71
33664,37
33664,60
33664,64
33681,9
33681,44
33720,93
33741,3
33752,43
33764,5
33778,3
33785,56
33797,58
33824,20
33824,59
33828,20
33843,3
33843,41
33843,57
33855,48
33855,52
33920,8
33949,33
33953,41
33953,60
33953,64
33953,67
33970,16
33985,16
34022,68
34026,9
34051,55
34065,13
34091,5
34091,15
34091,16
34091,18
34091,19
34091,36
34091,46
34091,50
34091,53
34091,62
34091,84
34091,89
34091,90
34108,7
34108,13
34152,93
34164,57
34174,8
34174,75
34219,28
34305,24
34319,83
34347,16
34370,1
34370,65
34378,65
34378,67
34381,4
34381,17
34381,45
34381,52
34390,30
34410,21
34411,54
34419,8
34419,64
34471,75
34471,88
34512,69
34549,13
34549,52
34594,32
34594,41
34595,39
34596,44
34607,64
34608,17
34608,42
34608,62
34610,71
34610,79
34617,13
34617,51
34654,11
34680,58
34688,60
34713,8
34713,15
34721,7
34752,24
34752,79
34754,20
34754,41
34757,57
34770,44
34789,2
34789,18
34789,19
34789,20
34802,10
34802,16
34809,6
34809,40
34819,3
34819,24
34819,30
34819,57
34824,61
34825,18
34826,58
34833,40
34833,44
34858,26
34858,62
34877,55
34898,24
34899,5
34903,27
34903,100
34915,1
34915,2
34915,23
34915,57
34920,84
34935,7
34959,40
34959,67
34962,94
34966,86
34986,8
34986,16
35000,67
35023,49
35082,13
35090,9
35108,25
35108,31
35108,45
35117,9
35117,41
35139,33
35143,11
35143,12
35143,39
35143,45
35143,70
35152,82
35159,20
35163,4
35165,23
35165,58
35174,13
35199,52
35220,43
35220,83
35243,75
35244,13
35266,18
35266,62
35273,49
35281,8
35284,16
35297,3
35301,41
35301,81
35302,15
35303,41
35303,97
35310,24
35313,58
35314,11
35314,50
35314,56
35314,69
35316,53
35316,69
35340,44
35383,1
35387,65
35388,16
35388,65
35399,20
35444,75
35444,84
35499,18
35520,9
35520,55
35549,7
35549,57
35549,64
35551,52
35552,4
35565,58
35570,43
35577,42
35577,51
35577,62
35585,52
35616,44
35620,57
35621,18
35625,58
35629,10
35629,13
35637,95
35639,42
35639,67
35665,23
35680,2
35689,11
35689,40
35689,45
35750,44
35750,92
35755,7
35794,41
35812,16
35817,16
35831,67
35835,16
35862,16
35864,46
35870,19
35870,44
35891,8
35892,34
35892,41
35892,60
35897,9
35897,10
35897,47
35897,74
35901,7
35904,17
35909,12
35909,29
35953,44
35960,37
35969,8
35969,13
35969,20
35978,5
35996,7
35996,13
35996,58
36009,17
36009,26
36046,46
36046,47
36067,52
36067,58
36098,82
36106,55
36106,65
36121,67
36128,31
36154,30
36154,40
36154,49
36154,88
36160,79
36170,58
36170,64
36196,1
36196,2
36196,12
36196,23
36196,28
36196,38
36210,55
36211,26
36211,39
36228,20
36229,21
36231,24
36231,58
36231,67
36247,57
36256,24
36259,27
36259,54
36262,66
36272,5
36272,16
36284,20
36288,30
36298,5
36298,8
36299,82
36299,84
36299,86
36299,87
36299,90
36302,7
36304,17
36346,38
36353,26
36353,31
36353,38
36381,29
36404,10
36404,43
36417,80
36464,15
36476,23
36487,23
36502,74
36540,79
36560,10
36578,75
36583,16
36583,40
36603,87
36605,99
36609,24
36612,45
36616,22
36621,4
36637,32
36637,35
36637,44
36637,50
36637,53
36637,61
36637,69
36649,42
36652,63
36656,1
36662,25
36665,25
36670,22
36670,33
36701,82
36723,16
36733,5
36733,8
36738,31
36742,61
36748,10
36754,98
36790,50
36806,75
36808,38
36811,57
36845,34
36848,13
36848,16
36894,3
36894,31
36894,33
36894,43
36894,64
36914,33
36914,47
36931,16
36931,37
36945,5
36945,7
36945,8
36945,13
36945,15
36945,16
36945,17
36945,18
36945,19
36945,20
36945,21
36945,26
36945,27
36945,28
36945,29
36945,31
36945,32
36945,34
36945,35
36945,36
36945,39
36945,42
36945,46
36945,49
36945,50
36945,53
36945,54
36945,56
36945,61
36945,62
36945,63
36945,65
36945,66
36945,68
36945,69
36945,72
36945,77
36948,44
36991,20
37010,8
37010,13
37010,15
37010,16
37015,72
37015,73
37015,74
37015,75
37015,76
37015,77
37015,78
37015,79
37015,80
37037,52
37037,67
37051,51
37057,2
37057,10
37057,18
37057,22
37057,24
37059,33
37067,67
37072,20
37073,18
37079,80
37085,41
37114,7
37123,25
37144,60
37153,58
37200,57
37202,58
37222,88
37238,15
37256,48
37256,64
37269,46
37310,16
37319,60
37325,7
37361,1
37361,88
37361,90
37366,7
37388,31
37388,61
37397,13
37424,61
37435,24
37438,6
37438,38
37438,39
37438,59
37442,42
37460,47
37460,61
37514,32
37514,47
37520,75
37524,65
37587,48
37611,7
37630,42
37635,24
37647,29
37668,46
37668,55
37678,43
37678,57
37680,12
37680,14
37682,58
37686,13
37710,2
37711,34
37730,79
37731,9
37731,14
37733,61
37735,8
37747,44
37747,64
37768,8
37768,16
37768,17
37768,23
37768,96
37789,69
37806,97
37821,21
37834,71
37849,22
37849,93
37851,3
37851,75
37852,28
37852,48
37870,61
37883,9
37883,41
37913,28
37936,29
37953,58
37956,39
37959,44
37959,55
37986,7
37986,17
37986,20
37986,42
37986,43
37986,48
37986,54
37986,59
37986,63
37986,64
37986,67
38016,37
38039,10
38045,26
38052,16
38053,23
38056,7
38058,54
38086,31
38096,71
38110,6
38118,90
38119,24
38129,6
38129,28
38154,20
38174,12
38176,50
38176,66
38193,18
38195,38
38195,60
38195,65
38217,23
38236,33
38236,90
38243,55
38261,16
38297,29
38317,67
38330,20
38353,75
38375,6
38375,57
38375,58
38375,70
38403,8
38410,28
38423,65
38435,86
38451,41
38453,35
38466,5
38466,7
38466,16
38466,18
38466,19
38466,20
38468,7
38474,28
38475,21
38475,32
38493,20
38493,23
38501,61
38501,67
38504,58
38512,17
38512,26
38512,41
38512,51
38512,81
38524,63
38527,30
38527,37
38527,55
38543,51
38550,51
38564,11
38564,22
38565,15
38593,17
38594,16
38594,64
38608,15
38608,16
38610,17
38610,23
38617,45
38620,9
38620,62
38639,44
38640,79
38645,99
38681,19
38717,51
38759,11
38770,5
38781,16
38789,43
38789,55
38815,68
38825,19
38839,13
38846,58
38910,30
38913,19
38923,4
38928,15
38936,20
38936,59
39049,4
39049,14
39071,15
39102,30
39102,63
39119,66
39169,22
39201,3
39237,67
39276,11
39294,1
39326,16
39376,46
39389,47
39402,7
39403,24
39443,18
39457,47
39539,18
39539,31
39551,60
39563,22
39563,24
39563,33
39563,57
39563,58
39563,67
39624,4
39624,99
39628,33
39679,12
39679,98
39724,71
39733,16
39737,16
39747,61
39753,86
39775,53
39779,13
39790,13
39849,19
39918,54
39920,2
39923,32
39923,43
39929,52
39934,94
39997,71
40013,14
40013,19
40013,20
40013,29
40013,31
40013,34
40013,36
40013,41
40013,46
40013,47
40013,54
40013,58
40013,62
40013,67
40013,68
40013,70
40013,85
40078,19
40096,4
40096,30
40096,85
40096,100
40098,43
40114,65
40115,34
40115,52
40115,59
40124,57
40140,37
40168,60
40178,63
40223,28
40223,66
40233,4
40252,58
40261,32
40269,55
40274,55
40274,60
40285,58
40290,53
40314,5
40322,52
40322,67
40322,80
40322,100
40376,41
40391,13
40404,13
40413,51
40433,52
40484,94
40524,57
40524,58
40526,11
40557,33
40557,57
40569,54
40569,65
40590,8
40590,51
40595,48
40609,6
40609,27
40622,37
40624,13
40649,24
40649,67
40649,71
40660,2
40660,4
40660,6
40660,9
40660,10
40660,11
40660,21
40660,22
40660,25
40660,29
40660,31
40660,32
40660,37
40660,41
40660,42
40660,43
40660,45
40660,47
40660,49
40660,51
40660,52
40660,53
40660,55
40660,62
40660,63
40660,67
40660,68
40660,69
40660,70
40660,85
40660,100
40685,43
40685,55
40686,63
40717,18
40717,19
40791,67
40818,34
40825,26
40830,11
40830,17
40863,98
40869,33
40871,58
40875,55
40916,58
40922,7
41001,18
41009,41
41009,51
41027,8
41035,6
41035,40
41035,61
41035,91
41053,7
41053,13
41053,15
41053,16
41053,19
41053,75
41069,25
41078,42
41078,81
41082,33
41082,71
41082,79
41128,29
41131,32
41132,3
41132,6
41132,11
41132,24
41132,44
41132,57
41132,74
41152,26
41152,61
41216,2
41231,46
41231,71
41231,72
41255,60
41257,10
41257,19
41257,20
41267,8
41292,8
41307,55
41314,24
41316,31
41316,61
41333,28
41372,30
41377,28
41381,15
41413,11
41413,17
41413,61
41413,83
41413,84
41510,3
41515,26
41515,40
41515,42
41515,52
41550,53
41556,27
41565,13
41576,2
41576,6
41576,23
41576,28
41576,29
41576,34
41576,52
41576,63
41583,15
41610,85
41641,3
41641,34
41641,83
41641,84
41641,85
41641,86
41641,87
41641,88
41660,5
41660,8
41660,13
41660,15
41660,16
41660,17
41663,20
41669,32
41704,28
41704,34
41705,18
41705,90
41705,91
41746,5
41746,16
41761,20
41774,9
41776,57
41778,30
41778,79
41787,30
41787,64
41790,65
41794,9
41811,27
41811,78
41811,87
41811,91
41811,97
41865,40
41899,4
41899,9
41899,24
41899,37
41899,57
41899,58
41915,58
41922,13
41922,27
41939,63
42009,55
42014,13
42014,15
42038,13
42055,60
42083,7
42083,19
42083,20
42083,70
42085,2
42088,43
42105,13
42105,44
42110,14
42110,26
42110,51
42130,31
42130,55
42141,71
42222,71
42251,80
42252,56
42255,32
42255,100
42291,5
42298,5
42307,36
42309,41
42320,58
42343,33
42349,54
42354,16
42380,71
42380,89
42402,86
42407,59
42445,16
42447,16
42451,34
42451,39
42451,67
42486,18
42487,36
42537,58
42548,9
42548,10
42548,43
42548,44
42548,57
42548,60
42548,64
42561,5
42568,4
42568,14
42568,40
42568,59
42570,16
42575,44
42576,15
42599,55
42602,4
42622,8
42649,42
42665,18
42665,57
42688,36
42695,8
42695,58
42707,14
42707,43
42707,59
42707,60
42707,63
42707,97
42728,20
42728,22
42728,90
42741,16
42768,2
42768,22
42768,28
42768,45
42768,52
42768,62
42799,13
42806,43
42823,47
42837,57
42837,60
42885,37
42905,36
42917,7
42917,15
42917,16
42917,24
42917,64
42921,98
42942,16
42942,81
42957,41
42966,5
42966,30
42966,41
42966,43
42966,44
42966,48
42966,49
42966,60
42966,67
42966,98
42985,50
42989,13
42996,44
42996,58
42999,16
42999,18
43099,15
43127,27
43127,58
43127,69
43148,15
43200,47
43218,7
43218,83
43230,57
43286,23
43286,34
43288,18
43288,63
43300,8
43311,55
43312,37
43312,44
43312,57
43345,58
43346,41
43360,70
43378,75
43387,29
43404,9
43404,13
43404,24
43404,43
43404,44
43404,58
43404,60
43404,67
43404,94
43404,96
43404,97
43408,37
43408,63
43409,60
43411,33
43425,43
43437,17
43451,18
43451,33
43451,43
43451,46
43470,41
43479,43
43485,42
43485,56
43497,24
43497,43
43497,59
43525,47
43533,6
43544,3
43544,59
43555,70
43579,19
43584,37
43605,14
43605,17
43656,42
43656,55
43659,70
43668,20
43678,16
43680,57
43680,67
43684,1
43746,9
43746,13
43764,16
43764,43
43774,35
43785,75
43806,24
43816,7
43827,20
43829,13
43829,30
43829,67
43829,80
43829,95
43844,16
43856,28
43859,44
43870,18
43878,3
43902,58
43902,99
43910,69
43949,37
43969,57
43978,29
43979,4
43979,39
43982,77
43990,65
44007,42
44010,57
44012,31
44026,43
44026,61
44057,15
44057,57
44074,10
44078,16
44089,71
44090,16
44099,17
44151,2
44151,4
44151,49
44151,51
44155,65
44176,94
44183,60
44194,28
44198,23
44199,64
44200,2
44200,40
44200,46
44200,48
44200,52
44200,56
44200,59
44200,68
44213,1
44214,13
44214,29
44214,33
44214,37
44236,16
44249,73
44249,74
44249,85
44274,51
44274,60
44279,13
44289,2
44289,41
44295,16
44311,43
44318,15
44336,24
44363,90
44365,42
44369,67
44373,4
44388,6
44388,13
44405,2
44405,15
44417,2
44417,47
44417,51
44417,71
44426,58
44432,5
44432,7
44432,8
44432,13
44432,15
44432,16
44432,18
44432,19
44432,20
44432,66
44432,71
44434,16
44451,20
44459,7
44472,48
44482,58
44496,15
44496,58
44496,60
44496,96
44508,1
44524,30
44528,47
44538,20
44540,67
44564,54
44566,98
44578,7
44593,42
44596,53
44614,20
44614,26
44614,39
44614,46
44614,48
44619,1
44619,3
44619,52
44619,58
44628,24
44633,1
44635,52
44641,99
44644,2
44660,6
44664,42
44664,54
44677,25
44710,34
44717,24
44717,25
44717,35
44717,46
44720,26
44726,40
44726,45
44752,78
44752,79
44760,40
44760,60
44761,15
44772,39
44786,58
44790,14
44790,21
44790,22
44790,25
44790,26
44790,31
44790,33
44790,39
44790,42
44790,45
44790,56
44790,60
44790,65
44798,53
44811,42
44818,98
44819,16
44827,33
44827,44
44830,22
44832,75
44881,41
44881,57
44884,22
44905,4
44910,13
44910,16
44910,49
44925,1
44925,9
44925,41
44925,63
44925,67
44925,80
44926,3
44949,17
44952,33
44955,79
44965,4
44965,13
44965,28
44965,65
44968,2
44968,10
44968,31
44968,41
44968,55
44972,40
44990,52
45012,62
45013,67
45040,13
45040,85
45072,58
45118,7
45118,55
45120,18
45134,13
45134,74
45139,51
45155,4
45155,10
45155,24
45155,75
45172,13
45172,15
45172,18
45172,19
45214,58
45216,29
45216,31
45216,49
45216,66
45220,66
45234,16
45236,31
45236,75
45244,43
45251,28
45262,44
45264,55
45273,54
45277,6
45281,34
45289,71
45294,64
45299,15
45312,71
45319,35
45319,39
45336,5
45376,55
45391,60
45436,27
45450,57
45474,24
45474,41
45476,53
45500,46
45510,10
45510,14
45510,24
45510,42
45510,53
45510,99
45526,67
45539,4
45548,16
45568,72
45580,6
45591,45
45591,47
45620,75
45632,13
45632,19
45632,67
45637,54
45646,16
45646,25
45652,8
45663,7
45663,20
45667,8
45667,13
45667,15
45667,17
45672,19
45679,5
45679,13
45679,15
45679,16
45679,18
45684,99
45723,56
45743,55
45748,28
45748,48
45754,16
45763,28
45785,17
45807,8
45825,5
45825,15
45825,16
45825,17
45842,4
45844,28
45844,46
45879,10
45882,18
45882,20
45885,53
45893,96
45898,99
45915,23
45919,4
45919,9
45919,24
45919,37
45919,44
45919,57
45919,58
45919,67
45921,55
45922,22
45922,45
45924,47
45925,67
45931,2
45931,37
45931,43
45931,52
45962,55
45967,21
45967,26
45967,39
45967,41
45967,52
45967,70
45967,77
45967,99
45971,35
45974,18
45987,75
46011,2
46011,4
46011,83
46023,19
46049,20
46049,29
46082,10
46093,29
46113,24
46113,33
46113,37
46113,55
46113,60
46117,2
46117,12
46117,17
46117,73
46117,80
46119,7
46124,85
46129,7
46129,46
46133,4
46133,37
46167,5
46167,16
46167,44
46171,13
46171,39
46173,2
46190,23
46198,20
46218,16
46224,53
46252,10
46260,16
46268,53
46276,75
46280,7
46280,16
46280,19
46280,33
46280,37
46282,13
46288,17
46288,75
46292,13
46292,15
46318,8
46318,50
46336,41
46349,18
46350,86
46419,66
46419,85
46420,12
46420,14
46420,38
46432,84
46434,15
46434,20
46437,2
46437,24
46437,28
46437,75
46442,55
46466,83
46466,86
46475,19
46487,60
46490,5
46498,53
46508,55
46532,57
46532,58
46533,18
46549,6
46549,43
46584,13
46584,54
46591,2
46593,17
46593,18
46593,21
46598,16
46598,19
46602,8
46602,40
46609,20
46609,24
46617,33
46632,93
46651,13
46658,31
46673,65
46678,19
46678,58
46682,6
46682,74
46687,33
46687,51
46687,60
46687,78
46687,83
46687,85
46687,100
46702,48
46734,25
46748,43
46756,7
46762,6
46777,10
46796,47
46796,63
46802,15
46802,16
46803,44
46803,45
46803,99
46815,7
46818,46
46831,33
46840,16
46845,15
46847,4
46847,16
46847,58
46859,37
46862,11
46862,99
46864,85
46875,58
46879,3
46879,7
46879,10
46879,30
46880,4
46890,15
46907,2
46919,7
46923,34
46926,29
46926,39
46930,61
46935,23
46943,92
46968,1
46994,20
46995,1
46995,2
46995,38
46995,55
46995,59
46997,16
46997,30
47016,28
47022,4
47022,64
47023,5
47023,8
47023,13
47023,15
47023,16
47033,45
47041,97
47048,54
47048,61
47048,77
47048,94
47069,13
47073,1
47073,4
47073,9
47073,57
47074,68
47098,2
47098,3
47098,36
47098,65
47106,18
47121,10
47121,24
47121,41
47132,13
47135,18
47139,20
47140,19
47140,51
47146,15
47150,5
47183,39
47208,90
47231,5
47231,31
47231,42
47231,46
47231,47
47231,48
47231,54
47231,56
47240,73
47240,85
47253,66
47259,4
47259,24
47259,60
47259,67
47262,51
47266,29
47273,16
47287,22
47291,79
47308,23
47308,35
47340,15
47340,86
47359,55
47362,47
47365,1
47375,20
47375,36
47422,56
47429,23
47433,18
47436,42
47436,51
47445,9
47445,20
47445,32
47466,32
47466,44
47480,15
47518,34
47541,28
47543,20
47551,2
47553,13
47553,38
47569,44
47579,33
47607,46
47607,90
47620,8
47620,16
47623,58
47646,78
47648,13
47662,1
47662,28
47674,15
47683,11
47683,52
47732,20
47738,39
47744,36
47744,42
47744,45
47744,50
47751,16
47751,19
47753,40
47763,23
47766,44
47774,68
47781,49
47793,43
47799,20
47801,51
47804,8
47804,13
47806,31
47807,56
47812,51
47816,54
47824,12
47824,25
47836,3
47836,10
47836,11
47836,13
47836,36
47836,38
47836,45
47836,59
47837,90
47840,57
47853,36
47865,43
47867,18
47876,33
47876,41
47876,44
47876,73
47876,80
47913,20
47918,5
47928,48
47928,57
47928,62
47928,67
47942,13
47942,38
47942,42
47942,50
47951,76
47953,36
47953,65
47975,13
47975,49
47991,68
48024,9
48026,26
48030,94
48082,24
48082,41
48082,51
48082,64
48082,67
48113,60
48119,51
48119,73
48120,58
48124,31
48134,13
48146,8
48146,21
48146,24
48146,48
48146,49
48146,64
48147,46
48152,3
48152,4
48152,6
48152,9
48152,10
48152,24
48152,33
48152,55
48152,60
48154,81
48211,35
48219,52
48224,99
48246,20
48265,8
48273,3
48274,16
48288,27
48290,31
48290,69
48302,3
48302,6
48302,9
48302,10
48302,23
48302,24
48302,40
48302,67
48315,58
48328,46
48343,44
48352,24
48365,7
48384,46
48389,16
48408,20
48411,41
48411,67
48411,92
48421,20
48448,9
48448,81
48458,80
48468,58
48473,7
48473,12
48473,30
48473,33
48479,1
48479,3
48483,62
48499,8
48606,13
48608,19
48612,20
48618,8
48729,18
48745,17
48745,72
48751,17
48787,15
48913,17
48927,17
48939,86
48966,69
48990,52
48999,17
49089,20
49100,16
49144,16
49166,16
49174,5
49174,16
49180,13
49277,16
49330,13
49331,7
49356,5
49356,13
49359,18
49361,50
49369,8
49371,7
49410,18
49444,32
49467,13
49502,17
49611,16
49624,7
49702,15
49786,13
49786,98
49906,13
49917,20
49925,5
49954,17
49984,16
50049,97
50085,5
50085,7
50085,8
50085,13
50085,15
50085,16
50085,17
50085,18
50085,19
50085,20
50085,40
50085,45
50085,54
50085,91
50193,13
50194,16
50208,16
50213,5
50228,7
50325,20
50349,29
50349,65
50371,16
50373,85
50381,20
50458,7
50458,20
50463,13
50498,13
50534,72
50563,13
50602,16
50607,17
50618,70
50618,95
50627,65
50704,13
50704,99
50899,8
50931,5
50931,13
50931,20
50931,52
50933,27
50937,27
50948,70
50971,16
51000,49
51000,68
51004,16
51006,7
51015,16
51027,20
51112,57
51115,17
51275,16
51299,96
51313,20
51316,20
51339,16
51394,61
51400,7
51484,27
51485,7
51485,19
51499,16
51591,16
51748,8
51806,36
51806,56
51806,65
51813,5
51813,16
51813,18
51813,19
51839,7
51866,15
51866,16
51867,8
51867,15
51867,36
51903,13
51911,20
51930,65
51933,15
51933,18
51936,46
51963,5
52012,13
52036,17
52050,53
52074,67
52089,62
52230,5
52230,15
52230,16
52231,18
52256,16
52318,28
52337,7
52361,7
52361,20
52374,16
52380,19
52388,27
52388,36
52388,50
52388,65
52397,17
52399,13
52461,46
52481,13
52481,15
52490,20
52490,84
52500,13
52522,36
52522,76
52564,56
52565,13
52672,35
52676,72
52762,7
52762,8
52762,13
52762,15
52762,16
52762,17
52762,19
52762,60
52780,13
52780,16
52787,64
52791,13
52791,15
52798,13
52813,5
52813,15
52813,16
52813,18
52959,8
52997,57
53001,65
53024,53
53105,20
53105,62
53172,69
53275,16
53320,45
53326,13
53326,52
53332,49
53377,15
53406,17
53436,13
53448,16
53470,13
53486,16
53500,44
53503,73
53518,13
53538,15
53607,16
53631,57
53651,35
53676,16
53723,32
53728,53
53728,62
53738,43
53818,19
53826,16
53959,20
54098,7
54123,16
54123,64
54215,20
54255,5
54319,13
54327,29
54368,16
54369,29
54372,81
54373,8
54404,7
54450,68
54465,16
54465,18
54505,68
54575,17
54587,18
54603,69
54624,15
54636,16
54636,19
54672,5
54672,8
54672,13
54672,15
54672,16
54672,17
54672,18
54672,31
54672,35
54672,50
54672,53
54672,65
54731,13
54862,7
54862,20
54862,29
54862,35
54872,8
54989,5
54989,16
55000,85
55013,13
55013,17
55013,27
55013,54
55027,19
55046,7
55071,5
55071,8
55071,15
55071,18
55071,19
55071,20
55071,34
55071,54
55086,47
55102,16
55112,19
55116,18
55160,13
55272,18
55309,20
55331,18
55362,16
55376,8
55376,49
55393,16
55413,39
55431,16
55436,16
55449,8
55471,21
55471,37
55471,51
55471,80
55471,91
55490,19
55552,50
55596,16
55613,17
55734,18
55734,51
55752,16
55768,32
55805,13
55805,61
55858,35
55907,13
55927,7
55927,19
55947,48
56018,13
56070,20
56142,35
56146,5
56233,16
56235,20
56242,5
56242,8
56253,19
56253,21
56267,35
56308,15
56312,16
56327,17
56363,45
56423,13
56423,16
56460,16
56530,7
56530,19
56530,42
56551,13
56579,54
56616,75
56626,54
56630,67
56656,13
56667,21
56694,31
56700,71
56758,7
56758,13
56764,7
56765,85
56869,29
56869,65
56971,76
56975,16
56998,99
57016,5
57028,18
57058,16
57090,66
57104,27
57117,16
57117,32
57143,8
57143,17
57143,18
57166,16
57214,65
57219,7
57219,58
57232,59
57232,80
57267,44
57300,29
57303,29
57334,18
57345,7
57348,69
57375,29
57397,7
57397,20
57415,36
57450,31
57461,19
57499,18
57501,50
57539,18
57583,16
57601,20
57644,7
57657,65
57658,8
57660,32
57671,64
57760,19
57762,5
57762,20
57762,45
57790,8
57790,13
57873,18
57886,53
57944,19
57964,19
57995,7
58008,89
58019,5
58019,7
58019,8
58019,13
58019,15
58019,16
58019,17
58019,18
58019,19
58019,20
58019,40
58019,50
58019,68
58019,82
58019,99
58048,15
58094,19
58094,75
58142,8
58157,53
58173,15
58216,5
58216,7
58216,13
58216,16
58216,19
58216,20
58216,37
58216,63
58216,64
58273,13
58304,15
58304,35
58357,18
58367,20
58403,16
58652,15
58657,20
58669,13
58670,44
58725,17
58784,13
58851,16
58856,5
59007,20
59007,32
59019,31
59048,16
59095,19
59095,27
59124,15
59131,15
59131,16
59145,8
59145,17
59171,13
59195,20
59206,37
59213,20
59293,50
59301,50
59338,64
59348,18
59348,55
59429,7
59530,62
59547,27
59547,49
59584,31
59669,97
59682,18
59712,7
59712,16
59712,75
59716,17
59729,16
59729,57
59762,8
59810,16
59837,8
59837,94
59864,96
59949,15
59985,16
59986,5
59986,16
60016,66
60045,16
60096,7
60097,46
60097,65
60116,5
60119,19
60131,7
60131,16
60131,18
60147,27
60161,13
60162,7
60162,13
60162,27
60162,54
60162,66
60197,13
60241,61
60241,92
60254,8
60374,16
60392,5
60392,16
60405,50
60428,20
60428,55
60428,99
60485,20
60488,17
60496,61
60523,18
60523,71
60523,88
60534,53
60550,55
60555,8
60564,36
60570,5
60570,7
60570,8
60570,15
60570,16
60570,17
60570,18
60570,19
60570,20
60570,27
60570,53
60570,68
60570,70
60570,74
60570,75
60570,76
60571,8
60571,13
60571,15
60571,16
60571,18
60571,19
60571,54
60589,13
60597,53
60597,57
60612,62
60615,15
60626,16
60630,16
60651,21
60665,16
60682,16
60684,15
60705,16
60730,16
60735,7
60773,66
60858,17
60858,42
60858,62
60858,91
60882,55
60893,16
60893,82
60930,16
60930,29
60950,8
60960,37
60963,18
60963,79
61041,15
61049,71
61077,54
61118,19
61118,20
61118,74
61150,53
61177,20
61199,18
61199,50
61222,16
61341,19
61341,90
61353,20
61361,20
61367,16
61368,15
61368,18
61381,17
61445,67
61446,15
61466,16
61508,16
61519,15
61555,13
61568,18
61588,7
61588,36
61588,70
61591,16
61591,20
61595,19
61595,32
61596,32
61614,16
61614,18
61653,20
61662,42
61662,94
61739,53
61767,13
61770,8
61818,28
61823,8
61823,17
61856,7
61886,29
61904,35
61911,47
61913,75
62006,16
62006,18
62050,18
62059,15
62118,8
62118,97
62139,16
62212,53
62212,68
62248,13
62249,16
62249,75
62302,47
62375,65
62393,16
62421,20
62421,44
62435,17
62491,20
62617,71
62626,16
62638,13
62638,15
62694,50
62729,7
62770,29
62770,62
62770,65
62774,20
62774,27
62846,20
62847,5
62928,60
62951,5
62963,19
62976,52
62989,15
62989,18
63020,7
63020,20
63030,7
63073,17
63108,20
63146,16
63146,29
63194,17
63194,99
63205,19
63275,16
63329,16
63330,27
63330,32
63330,36
63330,46
63361,8
63372,35
63388,5
63406,19
63484,5
63484,55
63530,61
63617,99
63644,5
63765,7
63769,16
63793,61
63806,32
63806,53
63816,53
63824,16
63827,15
63885,15
63934,15
64018,8
64018,16
64069,16
64077,16
64078,8
64092,36
64135,7
64146,20
64183,8
64188,20
64195,19
64280,21
64280,32
64280,49
64354,54
64355,54
64436,16
64436,18
64441,5
64481,17
64513,19
64578,16
64734,55
64734,58
64800,8
64829,68
64833,20
64833,57
64833,59
64833,79
64842,21
64852,7
64857,17
64896,5
64912,26
64917,21
64917,27
64966,54
65146,5
65146,15
65146,16
65146,71
65217,7
65252,15
65298,50
65303,13
65303,15
65303,16
65303,20
65326,36
65326,46
65333,5
65360,7
65360,18
65360,19
65360,20
65360,40
65360,50
65360,62
65388,42
65400,16
65403,8
65464,18
65478,17
65478,92
65489,93
65502,20
65503,49
65535,50
65539,62
65558,16
65570,20
65594,8
65598,16
65636,19
65711,18
65721,7
65743,16
65803,5
65803,16
65815,17
65818,20
65848,53
65936,16
65940,31
65946,98
66013,58
66173,15
66173,19
66181,54
66226,16
66245,7
66249,38
66263,87
66264,28
66286,13
66286,16
66291,58
66295,20
66301,18
66301,19
66341,69
66366,19
66366,20
66366,97
66370,62
66400,36
66400,98
66404,16
66407,27
66407,35
66407,36
66407,49
66407,50
66407,54
66407,61
66407,69
66415,20
66561,16
66607,75
66608,18
66732,7
66732,20
66802,8
66874,91
66888,46
66922,56
66943,7
66965,13
67003,13
67020,16
67024,5
67024,16
67050,15
67050,16
67079,20
67101,13
67115,5
67160,53
67161,16
67161,44
67161,57
67174,5
67174,90
67222,13
67241,15
67241,27
67247,15
67247,16
67270,35
67282,7
67312,29
67321,16
67336,5
67367,85
67393,16
67406,16
67418,17
67445,20
67445,91
67464,89
67517,13
67525,62
67601,7
67601,13
67601,16
67601,20
67601,80
67601,84
67615,62
67615,69
67632,71
67651,41
67651,49
67657,46
67701,7
67702,13
67745,70
67790,16
67792,71
67813,13
67813,15
67813,16
67816,15
67828,5
67828,13
67828,15
67828,16
67828,49
67829,7
67837,17
67969,8
67995,18
68131,7
68131,13
68131,53
68131,78
68210,17
68335,94
68382,20
68432,13
68448,20
68628,16
68673,29
68685,15
68685,18
68685,19
68685,20
68693,49
68783,53
68831,53
68860,20
68917,15
68972,13
68979,26
68979,53
68979,68
68981,66
68994,49
69004,5
69004,49
69009,27
69009,29
69094,8
69124,40
69134,53
69173,13
69173,15
69190,37
69211,15
69284,5
69284,46
69284,50
69284,62
69284,71
69286,8
69290,20
69301,59
69305,48
69346,20
69411,64
69415,47
69417,63
69447,8
69481,97
69528,7
69601,13
69601,15
69601,16
69674,7
69674,28
69674,65
69686,15
69736,7
69852,16
69893,15
69905,27
69961,16
69997,5
70017,95
70043,49
70153,20
70162,78
70162,87
70187,16
70241,13
70320,16
70344,31
70449,5
70449,53
70476,56
70501,68
70503,31
70503,65
70503,91
70515,29
70534,49
70555,15
70555,51
70555,61
70555,69
70586,15
70605,13
70605,17
70641,29
70641,39
70644,29
70655,16
70674,16
70700,18
70703,52
70731,16
70731,17
70785,61
70789,56
70967,19
70967,20
70967,21
70979,13
70995,8
70995,18
71009,8
71019,21
71029,54
71042,16
71067,7
71070,19
71107,15
71114,7
71142,16
71142,29
71142,49
71165,7
71183,97
71200,7
71212,16
71221,20
71251,40
71271,15
71271,16
71271,19
71271,29
71271,39
71274,19
71274,29
71275,69
71278,16
71308,20
71317,8
71317,19
71322,73
71324,13
71357,58
71368,36
71377,16
71377,19
71404,20
71412,51
71414,15
71431,79
71432,29
71432,36
71462,36
71481,17
71491,7
71507,13
71526,53
71567,8
71567,16
71567,68
71595,55
71601,13
71601,15
71601,16
71607,19
71607,36
71607,50
71654,75
71683,15
71683,16
71684,18
71749,5
71749,18
71753,13
71773,62
71773,69
71797,15
71809,32
71825,53
71835,27
71872,7
71872,13
71872,32
71872,38
71872,41
71872,45
71872,53
71872,70
71949,19
71950,27
71952,20
71952,74
71952,91
71966,73
71997,15
72049,70
72056,13
72056,16
72056,17
72056,65
72061,54
72099,48
72107,13
72125,61
72150,13
72182,13
72182,18
72186,5
72191,8
72218,16
72234,13
72239,20
72263,31
72294,7
72294,57
72300,13
72326,67
72336,8
72356,13
72356,15
72358,16
72400,8
72487,8
72487,13
72490,29
72504,29
72512,13
72624,60
72640,94
72681,19
72681,89
72681,92
72692,16
72704,8
72725,13
72725,15
72750,5
72763,16
72774,5
72786,57
72803,15
72815,53
72826,7
72860,69
72860,99
72861,17
72863,7
72874,53
72884,20
72884,32
72885,5
72885,7
72885,16
72901,66
72911,53
72930,18
72953,65
72976,16
72977,7
72981,18
72989,8
73003,7
73005,20
73019,28
73025,16
73065,19
73073,13
73073,18
73073,19
73203,80
73230,89
73251,17
73260,19
73323,7
73323,18
73340,13
73354,27
73375,53
73380,7
73392,93
